spring.application.name=cc

server.port = 80

apiKey = 968af169e82642819aaefb2e9e9395d4
roadtype = ex
cctvType = 2
minX = 126.800000
maxX = 127.890000
minY = 34.900000
maxY = 35.100000
getType = json